
const Int_t n_bad_run_numbers[N_Beamtime] = {328,27,38,105,35,34,1};
const Int_t bad_run_list_7GeV[328]  = {11114084,11114085,11114086,11114088,11114089,11114094,11114095,11114100,11114109,11115005,11115007,11115013,11115019,11115025,11115027,11115028,11115030,11115032,11115051,11115062,11115064,11115069,11115072,11115078,11115079,11115080,11115086,11115088,11115094,11116001,11116002,11116005,11116006,11116010,11116014,11116020,11116023,11116028,11116060,11116061,11116062,11116064,11116068,11116070,11116072,11116073,11116075,11117002,11117006,11117031,11117033,11117034,11117036,11117039,11117044,11117045,11117046,11117052,11117055,11117063,11117064,11117071,11117075,11117085,11117088,11117089,11117090,11117093,11117094,11117095,11117098,11117100,11117103,11117104,11117107,11118007,11118008,11118016,11118024,11118025,11118026,11118039,11118044,11119001,11119003,11119006,11119007,11119009,11119012,11119013,11119015,11119016,11119017,11119022,11119024,11119026,11119029,11119030,11119056,11119057,11119060,11119062,11119067,11119069,11119070,11119071,11119074,11119075,11119077,11119079,11119081,11119090,11119091,11119100,11119101,11120003,11120006,11120008,11120011,11120014,11120019,11120023,11120030,11120034,11120037,11120039,11120040,11120045,11120052,11120057,11120062,11120063,11120069,11120070,11120071,11120074,11120077,11120078,11120084,11120092,11121006,11121014,11121015,11121019,11121029,11121030,11121034,11121035,11121043,11121044,11121054,11121058,11121066,11121067,11121070,11121075,11121082,11122001,11122007,11122008,11122010,11122017,11122024,11122037,11122038,11122047,11122048,11122049,11122050,11122053,11122058,11122062,11122069,11122073,11122078,11122085,11122097,11123003,11123004,11123015,11123026,11123028,11123040,11123044,11123055,11123057,11123058,11123059,11123067,11123075,11123076,11123077,11123079,11123081,11123084,11123086,11123088,11123089,11123093,11123094,11123095,11123100,11123101,11123102,11123104,11124001,11124005,11124007,11124008,11124015,11124016,11124018,11124041,11124046,11124050,11124051,11124052,11124053,11124058,11124060,11124061,11124062,11124063,11124064,11124065,11124066,11124069,11125002,11125003,11125004,11125005,11125006,11125008,11125012,11125013,11125014,11125015,11125016,11125017,11125020,11125021,11125022,11125023,11125073,11125081,11125089,11125090,11125096,11125097,11126005,11126006,11126007,11126016,11126018,11126022,11126023,11127001,11127002,11127043,11128005,11128012,11128018,11128050,11128056,11128072,11129018,11129022,11129028,11129051,11130027,11130034,11130057,11131038,11131062,11132013,11132070,11133006,11133019,11134053,11134060,11134067,11134076,11135068,11136003,11136005,11136006,11136007,11136008,11136012,11136013,11136014,11136061,11136076,11136101,11136130,11136160,11136163,11137019,11138027,11138049,11138086,11138124,11139014,11140076,11140086,11141063,11142117,11143026,11143028,11144001,11144009,11144031,11144033,11144040,11144043,11144052,11145008,11145028,11145035,11146061,11146076,11146079,11147004,11147006,11147014,11147017,11147021,11147023};
const Int_t bad_run_list_11GeV[27]  = {11148039,11148045,11149001,11149008,11149010,11149011,11149015,11149047,11150016,11150025,11150028,11151036,11151040,11151050,11152016,11152036,11152078,11153032,11153042,11155001,11155009,11156003,11156009,11157012,11158006,11158022,11158024};
const Int_t bad_run_list_19GeV[35]  = {12113091,12114007,12114035,12114078,12114092,12114116,12115009,12115014,12115015,12115016,12115018,12115019,12115020,12115022,12115023,12115062,12115073,12115093,12115094,12116012,12116054,12117010,12117016,12117020,12117065,12119040,12119042,12120017,12120026,12121017,12121022,12121034,12121050,12121067,12122019};
const Int_t bad_run_list_27GeV[34]  = {12172050,12172051,12172055,12173030,12173031,12173032,12173033,12173034,12174067,12174085,12175062,12175087,12175113,12175114,12175115,12176001,12176044,12176054,12176071,12177015,12177061,12177092,12177099,12177101,12177106,12177107,12177108,12178003,12178004,12178005,12178006,12178013,12178099,12178120};
const Int_t bad_run_list_39GeV[38]  = {11199124,11100002,11100045,11101046,11102012,11102051,11102052,11102053,11102054,11102055,11102058,11103035,11103056,11103058,11103092,11103093,11105052,11105053,11105054,11105055,11107007,11107042,11107057,11107061,11107065,11107074,11108101,11109013,11109077,11109088,11109090,11109127,11110013,11110034,11110073,11110076,11111084,11111085};
const Int_t bad_run_list_62GeV[105] = {11080072,11081023,11081025,11082012,11082013,11082046,11082056,11082057,11084009,11084011,11084012,11084013,11084020,11084021,11084035,11084044,11084064,11085015,11085025,11085030,11085046,11085055,11085056,11085057,11086005,11086007,11087001,11087002,11087003,11087004,11088013,11089026,11089028,11089029,11089055,11089068,11089072,11091007,11091015,11091021,11091078,11092010,11092011,11092012,11092032,11092033,11092034,11092067,11092096,11093001,11094016,11094017,11094018,11094019,11094020,11094021,11094022,11094023,11094024,11094027,11094028,11094042,11094044,11094045,11094046,11094047,11094048,11094050,11094051,11094052,11094053,11094054,11094055,11094074,11094075,11094077,11095001,11095002,11095003,11095004,11095005,11095006,11095009,11095010,11095011,11095012,11095013,11095014,11095015,11095022,11095040,11095048,11095050,11095051,11095061,11095062,11095063,11095064,11095082,11095087,11096024,11096039,11096043,11096044,11097093};
const Int_t bad_run_list_200GeV[1]  = {1};

